  -3.0000000000000000       -3.0000000000000000        1.3706981770241366E-007
  -3.0000000000000000       -2.7000000000000002        6.8206836763943165E-007
  -3.0000000000000000       -2.3999999999999999        2.7999220681389029E-006
  -3.0000000000000000       -2.1000000000000001        9.4504295109007660E-006
  -3.0000000000000000       -1.8000000000000000        2.6099326555761224E-005
  -3.0000000000000000       -1.5000000000000000        5.8532839443304291E-005
  -3.0000000000000000       -1.2000000000000000        1.0526114981396429E-004
  -3.0000000000000000      -0.89999999999999991        1.4822958635717106E-004
  -3.0000000000000000      -0.60000000000000009        1.5498017768941265E-004
  -3.0000000000000000      -0.29999999999999982        1.0150926167072615E-004
  -3.0000000000000000        0.0000000000000000       -0.0000000000000000     
  -3.0000000000000000       0.29999999999999982       -1.0150926167072615E-004
  -3.0000000000000000       0.60000000000000009       -1.5498017768941265E-004
  -3.0000000000000000       0.89999999999999991       -1.4822958635717106E-004
  -3.0000000000000000        1.2000000000000002       -1.0526114981396413E-004
  -3.0000000000000000        1.5000000000000000       -5.8532839443304291E-005
  -3.0000000000000000        1.7999999999999998       -2.6099326555761265E-005
  -3.0000000000000000        2.0999999999999996       -9.4504295109007813E-006
  -3.0000000000000000        2.4000000000000004       -2.7999220681388987E-006
  -3.0000000000000000        2.7000000000000002       -6.8206836763943165E-007
  -3.0000000000000000        3.0000000000000000       -1.3706981770241366E-007

  -2.7000000000000002       -3.0000000000000000        6.8206836763943165E-007
  -2.7000000000000002       -2.7000000000000002        3.3940167568058644E-006
  -2.7000000000000002       -2.3999999999999999        1.3932595129580385E-005
  -2.7000000000000002       -2.1000000000000001        4.7025954641494224E-005
  -2.7000000000000002       -1.8000000000000000        1.2987195400685956E-004
  -2.7000000000000002       -1.5000000000000000        2.9126323301218202E-004
  -2.7000000000000002       -1.2000000000000000        5.2378635817063555E-004
  -2.7000000000000002      -0.89999999999999991        7.3760010553164488E-004
  -2.7000000000000002      -0.60000000000000009        7.7119148901607574E-004
  -2.7000000000000002      -0.29999999999999982        5.0511671765954931E-004
  -2.7000000000000002        0.0000000000000000       -0.0000000000000000     
  -2.7000000000000002       0.29999999999999982       -5.0511671765954931E-004
  -2.7000000000000002       0.60000000000000009       -7.7119148901607574E-004
  -2.7000000000000002       0.89999999999999991       -7.3760010553164488E-004
  -2.7000000000000002        1.2000000000000002       -5.2378635817063555E-004
  -2.7000000000000002        1.5000000000000000       -2.9126323301218202E-004
  -2.7000000000000002        1.7999999999999998       -1.2987195400685953E-004
  -2.7000000000000002        2.0999999999999996       -4.7025954641494285E-005
  -2.7000000000000002        2.4000000000000004       -1.3932595129580361E-005
  -2.7000000000000002        2.7000000000000002       -3.3940167568058644E-006
  -2.7000000000000002        3.0000000000000000       -6.8206836763943165E-007

  -2.3999999999999999       -3.0000000000000000        2.7999220681389029E-006
  -2.3999999999999999       -2.7000000000000002        1.3932595129580385E-005
  -2.3999999999999999       -2.3999999999999999        5.7193944801702226E-005
  -2.3999999999999999       -2.1000000000000001        1.9304371001943965E-004
  -2.3999999999999999       -1.8000000000000000        5.3313035365445570E-004
  -2.3999999999999999       -1.5000000000000000        1.1956489883421873E-003
  -2.3999999999999999       -1.2000000000000000        2.1501671281248377E-003
  -2.3999999999999999      -0.89999999999999991        3.0278824102152190E-003
  -2.3999999999999999      -0.60000000000000009        3.1657765867812455E-003
  -2.3999999999999999      -0.29999999999999982        2.0735273938235336E-003
  -2.3999999999999999        0.0000000000000000       -0.0000000000000000     
  -2.3999999999999999       0.29999999999999982       -2.0735273938235336E-003
  -2.3999999999999999       0.60000000000000009       -3.1657765867812455E-003
  -2.3999999999999999       0.89999999999999991       -3.0278824102152190E-003
  -2.3999999999999999        1.2000000000000002       -2.1501671281248364E-003
  -2.3999999999999999        1.5000000000000000       -1.1956489883421873E-003
  -2.3999999999999999        1.7999999999999998       -5.3313035365445559E-004
  -2.3999999999999999        2.0999999999999996       -1.9304371001943997E-004
  -2.3999999999999999        2.4000000000000004       -5.7193944801702138E-005
  -2.3999999999999999        2.7000000000000002       -1.3932595129580385E-005
  -2.3999999999999999        3.0000000000000000       -2.7999220681389029E-006

  -2.1000000000000001       -3.0000000000000000        9.4504295109007660E-006
  -2.1000000000000001       -2.7000000000000002        4.7025954641494224E-005
  -2.1000000000000001       -2.3999999999999999        1.9304371001943965E-004
  -2.1000000000000001       -2.1000000000000001        6.5157026862326835E-004
  -2.1000000000000001       -1.8000000000000000        1.7994468077041782E-003
  -2.1000000000000001       -1.5000000000000000        4.0356110667102664E-003
  -2.1000000000000001       -1.2000000000000000        7.2573458783823722E-003
  -2.1000000000000001      -0.89999999999999991        1.0219852048973414E-002
  -2.1000000000000001      -0.60000000000000009        1.0685279001541110E-002
  -2.1000000000000001      -0.29999999999999982        6.9986678190926488E-003
  -2.1000000000000001        0.0000000000000000       -0.0000000000000000     
  -2.1000000000000001       0.29999999999999982       -6.9986678190926488E-003
  -2.1000000000000001       0.60000000000000009       -1.0685279001541110E-002
  -2.1000000000000001       0.89999999999999991       -1.0219852048973414E-002
  -2.1000000000000001        1.2000000000000002       -7.2573458783823670E-003
  -2.1000000000000001        1.5000000000000000       -4.0356110667102664E-003
  -2.1000000000000001        1.7999999999999998       -1.7994468077041797E-003
  -2.1000000000000001        2.0999999999999996       -6.5157026862326943E-004
  -2.1000000000000001        2.4000000000000004       -1.9304371001943935E-004
  -2.1000000000000001        2.7000000000000002       -4.7025954641494224E-005
  -2.1000000000000001        3.0000000000000000       -9.4504295109007660E-006

  -1.8000000000000000       -3.0000000000000000        2.6099326555761224E-005
  -1.8000000000000000       -2.7000000000000002        1.2987195400685956E-004
  -1.8000000000000000       -2.3999999999999999        5.3313035365445570E-004
  -1.8000000000000000       -2.1000000000000001        1.7994468077041782E-003
  -1.8000000000000000       -1.8000000000000000        4.9695466010112608E-003
  -1.8000000000000000       -1.5000000000000000        1.1145179270489677E-002
  -1.8000000000000000       -1.2000000000000000        2.0042669996059848E-002
  -1.8000000000000000      -0.89999999999999991        2.8224246915979492E-002
  -1.8000000000000000      -0.60000000000000009        2.9509620243075955E-002
  -1.8000000000000000      -0.29999999999999982        1.9328276736533850E-002
  -1.8000000000000000        0.0000000000000000       -0.0000000000000000     
  -1.8000000000000000       0.29999999999999982       -1.9328276736533850E-002
  -1.8000000000000000       0.60000000000000009       -2.9509620243075955E-002
  -1.8000000000000000       0.89999999999999991       -2.8224246915979492E-002
  -1.8000000000000000        1.2000000000000002       -2.0042669996059834E-002
  -1.8000000000000000        1.5000000000000000       -1.1145179270489677E-002
  -1.8000000000000000        1.7999999999999998       -4.9695466010112642E-003
  -1.8000000000000000        2.0999999999999996       -1.7994468077041808E-003
  -1.8000000000000000        2.4000000000000004       -5.3313035365445483E-004
  -1.8000000000000000        2.7000000000000002       -1.2987195400685956E-004
  -1.8000000000000000        3.0000000000000000       -2.6099326555761224E-005

  -1.5000000000000000       -3.0000000000000000        5.8532839443304291E-005
  -1.5000000000000000       -2.7000000000000002        2.9126323301218202E-004
  -1.5000000000000000       -2.3999999999999999        1.1956489883421873E-003
  -1.5000000000000000       -2.1000000000000001        4.0356110667102664E-003
  -1.5000000000000000       -1.8000000000000000        1.1145179270489677E-002
  -1.5000000000000000       -1.5000000000000000        2.4995242211045189E-002
  -1.5000000000000000       -1.2000000000000000        4.4949603676097072E-002
  -1.5000000000000000      -0.89999999999999991        6.3298388546984483E-002
  -1.5000000000000000      -0.60000000000000009        6.6181089386751379E-002
  -1.5000000000000000      -0.29999999999999982        4.3347437203721841E-002
  -1.5000000000000000        0.0000000000000000       -0.0000000000000000     
  -1.5000000000000000       0.29999999999999982       -4.3347437203721841E-002
  -1.5000000000000000       0.60000000000000009       -6.6181089386751379E-002
  -1.5000000000000000       0.89999999999999991       -6.3298388546984483E-002
  -1.5000000000000000        1.2000000000000002       -4.4949603676097065E-002
  -1.5000000000000000        1.5000000000000000       -2.4995242211045189E-002
  -1.5000000000000000        1.7999999999999998       -1.1145179270489686E-002
  -1.5000000000000000        2.0999999999999996       -4.0356110667102724E-003
  -1.5000000000000000        2.4000000000000004       -1.1956489883421855E-003
  -1.5000000000000000        2.7000000000000002       -2.9126323301218202E-004
  -1.5000000000000000        3.0000000000000000       -5.8532839443304291E-005

  -1.2000000000000000       -3.0000000000000000        1.0526114981396429E-004
  -1.2000000000000000       -2.7000000000000002        5.2378635817063555E-004
  -1.2000000000000000       -2.3999999999999999        2.1501671281248377E-003
  -1.2000000000000000       -2.1000000000000001        7.2573458783823722E-003
  -1.2000000000000000       -1.8000000000000000        2.0042669996059848E-002
  -1.2000000000000000       -1.5000000000000000        4.4949603676097072E-002
  -1.2000000000000000       -1.2000000000000000        8.0834058481152563E-002
  -1.2000000000000000      -0.89999999999999991       0.11383116252681347     
  -1.2000000000000000      -0.60000000000000009       0.11901519951954231     
  -1.2000000000000000      -0.29999999999999982        7.7952840233762505E-002
  -1.2000000000000000        0.0000000000000000       -0.0000000000000000     
  -1.2000000000000000       0.29999999999999982       -7.7952840233762505E-002
  -1.2000000000000000       0.60000000000000009      -0.11901519951954231     
  -1.2000000000000000       0.89999999999999991      -0.11383116252681347     
  -1.2000000000000000        1.2000000000000002       -8.0834058481152549E-002
  -1.2000000000000000        1.5000000000000000       -4.4949603676097072E-002
  -1.2000000000000000        1.7999999999999998       -2.0042669996059845E-002
  -1.2000000000000000        2.0999999999999996       -7.2573458783823843E-003
  -1.2000000000000000        2.4000000000000004       -2.1501671281248347E-003
  -1.2000000000000000        2.7000000000000002       -5.2378635817063555E-004
  -1.2000000000000000        3.0000000000000000       -1.0526114981396429E-004

 -0.89999999999999991       -3.0000000000000000        1.4822958635717106E-004
 -0.89999999999999991       -2.7000000000000002        7.3760010553164488E-004
 -0.89999999999999991       -2.3999999999999999        3.0278824102152190E-003
 -0.89999999999999991       -2.1000000000000001        1.0219852048973414E-002
 -0.89999999999999991       -1.8000000000000000        2.8224246915979492E-002
 -0.89999999999999991       -1.5000000000000000        6.3298388546984483E-002
 -0.89999999999999991       -1.2000000000000000       0.11383116252681347     
 -0.89999999999999991      -0.89999999999999991       0.16029794625772789     
 -0.89999999999999991      -0.60000000000000009       0.16759814828336192     
 -0.89999999999999991      -0.29999999999999982       0.10977380812996171     
 -0.89999999999999991        0.0000000000000000       -0.0000000000000000     
 -0.89999999999999991       0.29999999999999982      -0.10977380812996171     
 -0.89999999999999991       0.60000000000000009      -0.16759814828336192     
 -0.89999999999999991       0.89999999999999991      -0.16029794625772789     
 -0.89999999999999991        1.2000000000000002      -0.11383116252681348     
 -0.89999999999999991        1.5000000000000000       -6.3298388546984483E-002
 -0.89999999999999991        1.7999999999999998       -2.8224246915979509E-002
 -0.89999999999999991        2.0999999999999996       -1.0219852048973429E-002
 -0.89999999999999991        2.4000000000000004       -3.0278824102152142E-003
 -0.89999999999999991        2.7000000000000002       -7.3760010553164488E-004
 -0.89999999999999991        3.0000000000000000       -1.4822958635717106E-004

 -0.60000000000000009       -3.0000000000000000        1.5498017768941265E-004
 -0.60000000000000009       -2.7000000000000002        7.7119148901607574E-004
 -0.60000000000000009       -2.3999999999999999        3.1657765867812455E-003
 -0.60000000000000009       -2.1000000000000001        1.0685279001541110E-002
 -0.60000000000000009       -1.8000000000000000        2.9509620243075955E-002
 -0.60000000000000009       -1.5000000000000000        6.6181089386751379E-002
 -0.60000000000000009       -1.2000000000000000       0.11901519951954231     
 -0.60000000000000009      -0.89999999999999991       0.16759814828336192     
 -0.60000000000000009      -0.60000000000000009       0.17523081214558980     
 -0.60000000000000009      -0.29999999999999982       0.11477306729191915     
 -0.60000000000000009        0.0000000000000000       -0.0000000000000000     
 -0.60000000000000009       0.29999999999999982      -0.11477306729191915     
 -0.60000000000000009       0.60000000000000009      -0.17523081214558980     
 -0.60000000000000009       0.89999999999999991      -0.16759814828336192     
 -0.60000000000000009        1.2000000000000002      -0.11901519951954227     
 -0.60000000000000009        1.5000000000000000       -6.6181089386751379E-002
 -0.60000000000000009        1.7999999999999998       -2.9509620243075976E-002
 -0.60000000000000009        2.0999999999999996       -1.0685279001541127E-002
 -0.60000000000000009        2.4000000000000004       -3.1657765867812403E-003
 -0.60000000000000009        2.7000000000000002       -7.7119148901607574E-004
 -0.60000000000000009        3.0000000000000000       -1.5498017768941265E-004

 -0.29999999999999982       -3.0000000000000000        1.0150926167072615E-004
 -0.29999999999999982       -2.7000000000000002        5.0511671765954931E-004
 -0.29999999999999982       -2.3999999999999999        2.0735273938235336E-003
 -0.29999999999999982       -2.1000000000000001        6.9986678190926488E-003
 -0.29999999999999982       -1.8000000000000000        1.9328276736533850E-002
 -0.29999999999999982       -1.5000000000000000        4.3347437203721841E-002
 -0.29999999999999982       -1.2000000000000000        7.7952840233762505E-002
 -0.29999999999999982      -0.89999999999999991       0.10977380812996171     
 -0.29999999999999982      -0.60000000000000009       0.11477306729191915     
 -0.29999999999999982      -0.29999999999999982        7.5174319027014422E-002
 -0.29999999999999982        0.0000000000000000       -0.0000000000000000     
 -0.29999999999999982       0.29999999999999982       -7.5174319027014422E-002
 -0.29999999999999982       0.60000000000000009      -0.11477306729191915     
 -0.29999999999999982       0.89999999999999991      -0.10977380812996171     
 -0.29999999999999982        1.2000000000000002       -7.7952840233762491E-002
 -0.29999999999999982        1.5000000000000000       -4.3347437203721841E-002
 -0.29999999999999982        1.7999999999999998       -1.9328276736533864E-002
 -0.29999999999999982        2.0999999999999996       -6.9986678190926610E-003
 -0.29999999999999982        2.4000000000000004       -2.0735273938235301E-003
 -0.29999999999999982        2.7000000000000002       -5.0511671765954931E-004
 -0.29999999999999982        3.0000000000000000       -1.0150926167072615E-004

   0.0000000000000000       -3.0000000000000000       -0.0000000000000000     
   0.0000000000000000       -2.7000000000000002       -0.0000000000000000     
   0.0000000000000000       -2.3999999999999999       -0.0000000000000000     
   0.0000000000000000       -2.1000000000000001       -0.0000000000000000     
   0.0000000000000000       -1.8000000000000000       -0.0000000000000000     
   0.0000000000000000       -1.5000000000000000       -0.0000000000000000     
   0.0000000000000000       -1.2000000000000000       -0.0000000000000000     
   0.0000000000000000      -0.89999999999999991       -0.0000000000000000     
   0.0000000000000000      -0.60000000000000009       -0.0000000000000000     
   0.0000000000000000      -0.29999999999999982       -0.0000000000000000     
   0.0000000000000000        0.0000000000000000        0.0000000000000000     
   0.0000000000000000       0.29999999999999982        0.0000000000000000     
   0.0000000000000000       0.60000000000000009        0.0000000000000000     
   0.0000000000000000       0.89999999999999991        0.0000000000000000     
   0.0000000000000000        1.2000000000000002        0.0000000000000000     
   0.0000000000000000        1.5000000000000000        0.0000000000000000     
   0.0000000000000000        1.7999999999999998        0.0000000000000000     
   0.0000000000000000        2.0999999999999996        0.0000000000000000     
   0.0000000000000000        2.4000000000000004        0.0000000000000000     
   0.0000000000000000        2.7000000000000002        0.0000000000000000     
   0.0000000000000000        3.0000000000000000        0.0000000000000000     

  0.29999999999999982       -3.0000000000000000       -1.0150926167072615E-004
  0.29999999999999982       -2.7000000000000002       -5.0511671765954931E-004
  0.29999999999999982       -2.3999999999999999       -2.0735273938235336E-003
  0.29999999999999982       -2.1000000000000001       -6.9986678190926488E-003
  0.29999999999999982       -1.8000000000000000       -1.9328276736533850E-002
  0.29999999999999982       -1.5000000000000000       -4.3347437203721841E-002
  0.29999999999999982       -1.2000000000000000       -7.7952840233762505E-002
  0.29999999999999982      -0.89999999999999991      -0.10977380812996171     
  0.29999999999999982      -0.60000000000000009      -0.11477306729191915     
  0.29999999999999982      -0.29999999999999982       -7.5174319027014422E-002
  0.29999999999999982        0.0000000000000000        0.0000000000000000     
  0.29999999999999982       0.29999999999999982        7.5174319027014422E-002
  0.29999999999999982       0.60000000000000009       0.11477306729191915     
  0.29999999999999982       0.89999999999999991       0.10977380812996171     
  0.29999999999999982        1.2000000000000002        7.7952840233762491E-002
  0.29999999999999982        1.5000000000000000        4.3347437203721841E-002
  0.29999999999999982        1.7999999999999998        1.9328276736533864E-002
  0.29999999999999982        2.0999999999999996        6.9986678190926610E-003
  0.29999999999999982        2.4000000000000004        2.0735273938235301E-003
  0.29999999999999982        2.7000000000000002        5.0511671765954931E-004
  0.29999999999999982        3.0000000000000000        1.0150926167072615E-004

  0.60000000000000009       -3.0000000000000000       -1.5498017768941265E-004
  0.60000000000000009       -2.7000000000000002       -7.7119148901607574E-004
  0.60000000000000009       -2.3999999999999999       -3.1657765867812455E-003
  0.60000000000000009       -2.1000000000000001       -1.0685279001541110E-002
  0.60000000000000009       -1.8000000000000000       -2.9509620243075955E-002
  0.60000000000000009       -1.5000000000000000       -6.6181089386751379E-002
  0.60000000000000009       -1.2000000000000000      -0.11901519951954231     
  0.60000000000000009      -0.89999999999999991      -0.16759814828336192     
  0.60000000000000009      -0.60000000000000009      -0.17523081214558980     
  0.60000000000000009      -0.29999999999999982      -0.11477306729191915     
  0.60000000000000009        0.0000000000000000        0.0000000000000000     
  0.60000000000000009       0.29999999999999982       0.11477306729191915     
  0.60000000000000009       0.60000000000000009       0.17523081214558980     
  0.60000000000000009       0.89999999999999991       0.16759814828336192     
  0.60000000000000009        1.2000000000000002       0.11901519951954227     
  0.60000000000000009        1.5000000000000000        6.6181089386751379E-002
  0.60000000000000009        1.7999999999999998        2.9509620243075976E-002
  0.60000000000000009        2.0999999999999996        1.0685279001541127E-002
  0.60000000000000009        2.4000000000000004        3.1657765867812403E-003
  0.60000000000000009        2.7000000000000002        7.7119148901607574E-004
  0.60000000000000009        3.0000000000000000        1.5498017768941265E-004

  0.89999999999999991       -3.0000000000000000       -1.4822958635717106E-004
  0.89999999999999991       -2.7000000000000002       -7.3760010553164488E-004
  0.89999999999999991       -2.3999999999999999       -3.0278824102152190E-003
  0.89999999999999991       -2.1000000000000001       -1.0219852048973414E-002
  0.89999999999999991       -1.8000000000000000       -2.8224246915979492E-002
  0.89999999999999991       -1.5000000000000000       -6.3298388546984483E-002
  0.89999999999999991       -1.2000000000000000      -0.11383116252681347     
  0.89999999999999991      -0.89999999999999991      -0.16029794625772789     
  0.89999999999999991      -0.60000000000000009      -0.16759814828336192     
  0.89999999999999991      -0.29999999999999982      -0.10977380812996171     
  0.89999999999999991        0.0000000000000000        0.0000000000000000     
  0.89999999999999991       0.29999999999999982       0.10977380812996171     
  0.89999999999999991       0.60000000000000009       0.16759814828336192     
  0.89999999999999991       0.89999999999999991       0.16029794625772789     
  0.89999999999999991        1.2000000000000002       0.11383116252681348     
  0.89999999999999991        1.5000000000000000        6.3298388546984483E-002
  0.89999999999999991        1.7999999999999998        2.8224246915979509E-002
  0.89999999999999991        2.0999999999999996        1.0219852048973429E-002
  0.89999999999999991        2.4000000000000004        3.0278824102152142E-003
  0.89999999999999991        2.7000000000000002        7.3760010553164488E-004
  0.89999999999999991        3.0000000000000000        1.4822958635717106E-004

   1.2000000000000002       -3.0000000000000000       -1.0526114981396413E-004
   1.2000000000000002       -2.7000000000000002       -5.2378635817063555E-004
   1.2000000000000002       -2.3999999999999999       -2.1501671281248364E-003
   1.2000000000000002       -2.1000000000000001       -7.2573458783823670E-003
   1.2000000000000002       -1.8000000000000000       -2.0042669996059834E-002
   1.2000000000000002       -1.5000000000000000       -4.4949603676097065E-002
   1.2000000000000002       -1.2000000000000000       -8.0834058481152549E-002
   1.2000000000000002      -0.89999999999999991      -0.11383116252681348     
   1.2000000000000002      -0.60000000000000009      -0.11901519951954227     
   1.2000000000000002      -0.29999999999999982       -7.7952840233762491E-002
   1.2000000000000002        0.0000000000000000        0.0000000000000000     
   1.2000000000000002       0.29999999999999982        7.7952840233762491E-002
   1.2000000000000002       0.60000000000000009       0.11901519951954227     
   1.2000000000000002       0.89999999999999991       0.11383116252681348     
   1.2000000000000002        1.2000000000000002        8.0834058481152521E-002
   1.2000000000000002        1.5000000000000000        4.4949603676097065E-002
   1.2000000000000002        1.7999999999999998        2.0042669996059848E-002
   1.2000000000000002        2.0999999999999996        7.2573458783823791E-003
   1.2000000000000002        2.4000000000000004        2.1501671281248329E-003
   1.2000000000000002        2.7000000000000002        5.2378635817063555E-004
   1.2000000000000002        3.0000000000000000        1.0526114981396413E-004

   1.5000000000000000       -3.0000000000000000       -5.8532839443304291E-005
   1.5000000000000000       -2.7000000000000002       -2.9126323301218202E-004
   1.5000000000000000       -2.3999999999999999       -1.1956489883421873E-003
   1.5000000000000000       -2.1000000000000001       -4.0356110667102664E-003
   1.5000000000000000       -1.8000000000000000       -1.1145179270489677E-002
   1.5000000000000000       -1.5000000000000000       -2.4995242211045189E-002
   1.5000000000000000       -1.2000000000000000       -4.4949603676097072E-002
   1.5000000000000000      -0.89999999999999991       -6.3298388546984483E-002
   1.5000000000000000      -0.60000000000000009       -6.6181089386751379E-002
   1.5000000000000000      -0.29999999999999982       -4.3347437203721841E-002
   1.5000000000000000        0.0000000000000000        0.0000000000000000     
   1.5000000000000000       0.29999999999999982        4.3347437203721841E-002
   1.5000000000000000       0.60000000000000009        6.6181089386751379E-002
   1.5000000000000000       0.89999999999999991        6.3298388546984483E-002
   1.5000000000000000        1.2000000000000002        4.4949603676097065E-002
   1.5000000000000000        1.5000000000000000        2.4995242211045189E-002
   1.5000000000000000        1.7999999999999998        1.1145179270489686E-002
   1.5000000000000000        2.0999999999999996        4.0356110667102724E-003
   1.5000000000000000        2.4000000000000004        1.1956489883421855E-003
   1.5000000000000000        2.7000000000000002        2.9126323301218202E-004
   1.5000000000000000        3.0000000000000000        5.8532839443304291E-005

   1.7999999999999998       -3.0000000000000000       -2.6099326555761265E-005
   1.7999999999999998       -2.7000000000000002       -1.2987195400685953E-004
   1.7999999999999998       -2.3999999999999999       -5.3313035365445559E-004
   1.7999999999999998       -2.1000000000000001       -1.7994468077041797E-003
   1.7999999999999998       -1.8000000000000000       -4.9695466010112642E-003
   1.7999999999999998       -1.5000000000000000       -1.1145179270489686E-002
   1.7999999999999998       -1.2000000000000000       -2.0042669996059845E-002
   1.7999999999999998      -0.89999999999999991       -2.8224246915979509E-002
   1.7999999999999998      -0.60000000000000009       -2.9509620243075976E-002
   1.7999999999999998      -0.29999999999999982       -1.9328276736533864E-002
   1.7999999999999998        0.0000000000000000        0.0000000000000000     
   1.7999999999999998       0.29999999999999982        1.9328276736533864E-002
   1.7999999999999998       0.60000000000000009        2.9509620243075976E-002
   1.7999999999999998       0.89999999999999991        2.8224246915979509E-002
   1.7999999999999998        1.2000000000000002        2.0042669996059848E-002
   1.7999999999999998        1.5000000000000000        1.1145179270489686E-002
   1.7999999999999998        1.7999999999999998        4.9695466010112686E-003
   1.7999999999999998        2.0999999999999996        1.7994468077041823E-003
   1.7999999999999998        2.4000000000000004        5.3313035365445570E-004
   1.7999999999999998        2.7000000000000002        1.2987195400685953E-004
   1.7999999999999998        3.0000000000000000        2.6099326555761265E-005

   2.0999999999999996       -3.0000000000000000       -9.4504295109007813E-006
   2.0999999999999996       -2.7000000000000002       -4.7025954641494285E-005
   2.0999999999999996       -2.3999999999999999       -1.9304371001943997E-004
   2.0999999999999996       -2.1000000000000001       -6.5157026862326943E-004
   2.0999999999999996       -1.8000000000000000       -1.7994468077041808E-003
   2.0999999999999996       -1.5000000000000000       -4.0356110667102724E-003
   2.0999999999999996       -1.2000000000000000       -7.2573458783823843E-003
   2.0999999999999996      -0.89999999999999991       -1.0219852048973429E-002
   2.0999999999999996      -0.60000000000000009       -1.0685279001541127E-002
   2.0999999999999996      -0.29999999999999982       -6.9986678190926610E-003
   2.0999999999999996        0.0000000000000000        0.0000000000000000     
   2.0999999999999996       0.29999999999999982        6.9986678190926610E-003
   2.0999999999999996       0.60000000000000009        1.0685279001541127E-002
   2.0999999999999996       0.89999999999999991        1.0219852048973429E-002
   2.0999999999999996        1.2000000000000002        7.2573458783823791E-003
   2.0999999999999996        1.5000000000000000        4.0356110667102724E-003
   2.0999999999999996        1.7999999999999998        1.7994468077041823E-003
   2.0999999999999996        2.0999999999999996        6.5157026862327041E-004
   2.0999999999999996        2.4000000000000004        1.9304371001943965E-004
   2.0999999999999996        2.7000000000000002        4.7025954641494285E-005
   2.0999999999999996        3.0000000000000000        9.4504295109007813E-006

   2.4000000000000004       -3.0000000000000000       -2.7999220681388987E-006
   2.4000000000000004       -2.7000000000000002       -1.3932595129580361E-005
   2.4000000000000004       -2.3999999999999999       -5.7193944801702138E-005
   2.4000000000000004       -2.1000000000000001       -1.9304371001943935E-004
   2.4000000000000004       -1.8000000000000000       -5.3313035365445483E-004
   2.4000000000000004       -1.5000000000000000       -1.1956489883421855E-003
   2.4000000000000004       -1.2000000000000000       -2.1501671281248347E-003
   2.4000000000000004      -0.89999999999999991       -3.0278824102152142E-003
   2.4000000000000004      -0.60000000000000009       -3.1657765867812403E-003
   2.4000000000000004      -0.29999999999999982       -2.0735273938235301E-003
   2.4000000000000004        0.0000000000000000        0.0000000000000000     
   2.4000000000000004       0.29999999999999982        2.0735273938235301E-003
   2.4000000000000004       0.60000000000000009        3.1657765867812403E-003
   2.4000000000000004       0.89999999999999991        3.0278824102152142E-003
   2.4000000000000004        1.2000000000000002        2.1501671281248329E-003
   2.4000000000000004        1.5000000000000000        1.1956489883421855E-003
   2.4000000000000004        1.7999999999999998        5.3313035365445570E-004
   2.4000000000000004        2.0999999999999996        1.9304371001943965E-004
   2.4000000000000004        2.4000000000000004        5.7193944801702036E-005
   2.4000000000000004        2.7000000000000002        1.3932595129580361E-005
   2.4000000000000004        3.0000000000000000        2.7999220681388987E-006

   2.7000000000000002       -3.0000000000000000       -6.8206836763943165E-007
   2.7000000000000002       -2.7000000000000002       -3.3940167568058644E-006
   2.7000000000000002       -2.3999999999999999       -1.3932595129580385E-005
   2.7000000000000002       -2.1000000000000001       -4.7025954641494224E-005
   2.7000000000000002       -1.8000000000000000       -1.2987195400685956E-004
   2.7000000000000002       -1.5000000000000000       -2.9126323301218202E-004
   2.7000000000000002       -1.2000000000000000       -5.2378635817063555E-004
   2.7000000000000002      -0.89999999999999991       -7.3760010553164488E-004
   2.7000000000000002      -0.60000000000000009       -7.7119148901607574E-004
   2.7000000000000002      -0.29999999999999982       -5.0511671765954931E-004
   2.7000000000000002        0.0000000000000000        0.0000000000000000     
   2.7000000000000002       0.29999999999999982        5.0511671765954931E-004
   2.7000000000000002       0.60000000000000009        7.7119148901607574E-004
   2.7000000000000002       0.89999999999999991        7.3760010553164488E-004
   2.7000000000000002        1.2000000000000002        5.2378635817063555E-004
   2.7000000000000002        1.5000000000000000        2.9126323301218202E-004
   2.7000000000000002        1.7999999999999998        1.2987195400685953E-004
   2.7000000000000002        2.0999999999999996        4.7025954641494285E-005
   2.7000000000000002        2.4000000000000004        1.3932595129580361E-005
   2.7000000000000002        2.7000000000000002        3.3940167568058644E-006
   2.7000000000000002        3.0000000000000000        6.8206836763943165E-007

   3.0000000000000000       -3.0000000000000000       -1.3706981770241366E-007
   3.0000000000000000       -2.7000000000000002       -6.8206836763943165E-007
   3.0000000000000000       -2.3999999999999999       -2.7999220681389029E-006
   3.0000000000000000       -2.1000000000000001       -9.4504295109007660E-006
   3.0000000000000000       -1.8000000000000000       -2.6099326555761224E-005
   3.0000000000000000       -1.5000000000000000       -5.8532839443304291E-005
   3.0000000000000000       -1.2000000000000000       -1.0526114981396429E-004
   3.0000000000000000      -0.89999999999999991       -1.4822958635717106E-004
   3.0000000000000000      -0.60000000000000009       -1.5498017768941265E-004
   3.0000000000000000      -0.29999999999999982       -1.0150926167072615E-004
   3.0000000000000000        0.0000000000000000        0.0000000000000000     
   3.0000000000000000       0.29999999999999982        1.0150926167072615E-004
   3.0000000000000000       0.60000000000000009        1.5498017768941265E-004
   3.0000000000000000       0.89999999999999991        1.4822958635717106E-004
   3.0000000000000000        1.2000000000000002        1.0526114981396413E-004
   3.0000000000000000        1.5000000000000000        5.8532839443304291E-005
   3.0000000000000000        1.7999999999999998        2.6099326555761265E-005
   3.0000000000000000        2.0999999999999996        9.4504295109007813E-006
   3.0000000000000000        2.4000000000000004        2.7999220681388987E-006
   3.0000000000000000        2.7000000000000002        6.8206836763943165E-007
   3.0000000000000000        3.0000000000000000        1.3706981770241366E-007

