      -0.1000000E+01      -0.8711424E+00
      -0.9057522E+00      -0.8116210E+00
      -0.8115044E+00      -0.7452856E+00
      -0.7172567E+00      -0.6728728E+00
      -0.6230089E+00      -0.5951194E+00
      -0.5287611E+00      -0.5127622E+00
      -0.4345133E+00      -0.4265380E+00
      -0.3402655E+00      -0.3371835E+00
      -0.2460178E+00      -0.2454355E+00
      -0.1517700E+00      -0.1520308E+00
      -0.5752220E-01      -0.5770618E-01
       0.3672558E-01       0.3680167E-01
       0.1309734E+00       0.1307559E+00
       0.2252211E+00       0.2234198E+00
       0.3194689E+00       0.3140566E+00
       0.4137167E+00       0.4019295E+00
       0.5079645E+00       0.4863018E+00
       0.6022123E+00       0.5664366E+00
       0.6964600E+00       0.6414031E+00
       0.7907078E+00       0.7106912E+00
       0.8849556E+00       0.7737935E+00
       0.9792034E+00       0.8299765E+00
       0.1073451E+01       0.8786572E+00
       0.1167699E+01       0.9196889E+00
       0.1261947E+01       0.9526706E+00
       0.1356194E+01       0.9768709E+00
       0.1450442E+01       0.9925558E+00
       0.1544690E+01       0.9995961E+00
       0.1638938E+01       0.9975324E+00
       0.1733186E+01       0.9866205E+00
       0.1827433E+01       0.9671217E+00
       0.1921681E+01       0.9389901E+00
       0.2015929E+01       0.9023575E+00
       0.2110177E+01       0.8578679E+00
       0.2204425E+01       0.8058749E+00
       0.2298672E+01       0.7464510E+00
       0.2392920E+01       0.6805176E+00
       0.2487168E+01       0.6086592E+00
       0.2581416E+01       0.5312665E+00
       0.2675663E+01       0.4491507E+00
       0.2769911E+01       0.3631262E+00
       0.2864159E+01       0.2738726E+00
       0.2958407E+01       0.1821276E+00
       0.3052655E+01       0.8879520E-01
       0.3146902E+01      -0.5307921E-02
       0.3241150E+01      -0.9936503E-01
       0.3335398E+01      -0.1925594E+00
       0.3429646E+01      -0.2840744E+00
       0.3523893E+01      -0.3729911E+00
       0.3618141E+01      -0.4586121E+00
       0.3712389E+01      -0.5402413E+00
       0.3806637E+01      -0.6170336E+00
       0.3900885E+01      -0.6882536E+00
       0.3995132E+01      -0.7534828E+00
       0.4089380E+01      -0.8121147E+00
       0.4183628E+01      -0.8632616E+00
       0.4277876E+01      -0.9068848E+00
       0.4372123E+01      -0.9426086E+00
       0.4466371E+01      -0.9697439E+00
       0.4560619E+01      -0.9882816E+00
       0.4654867E+01      -0.9982179E+00
       0.4749115E+01      -0.9992391E+00
       0.4843362E+01      -0.9912183E+00
       0.4937610E+01      -0.9745674E+00
       0.5031858E+01      -0.9493902E+00
       0.5126106E+01      -0.9154599E+00
       0.5220353E+01      -0.8735476E+00
       0.5314601E+01      -0.8240285E+00
       0.5408849E+01      -0.7670111E+00
       0.5503097E+01      -0.7031826E+00
       0.5597345E+01      -0.6332342E+00
       0.5691592E+01      -0.5576424E+00
       0.5785840E+01      -0.4769934E+00
       0.5880088E+01      -0.3921899E+00
       0.5974336E+01      -0.3039604E+00
       0.6068583E+01      -0.2129260E+00
       0.6162831E+01      -0.1200320E+00
       0.6257079E+01      -0.2609501E-01
       0.6351327E+01       0.6806819E-01
       0.6445575E+01       0.1616409E+00
       0.6539822E+01       0.2538064E+00
       0.6634070E+01       0.3436911E+00
       0.6728318E+01       0.4304790E+00
       0.6822566E+01       0.5135206E+00
       0.6916813E+01       0.5920633E+00
       0.7011061E+01       0.6651504E+00
       0.7105309E+01       0.7324415E+00
       0.7199557E+01       0.7933520E+00
       0.7293805E+01       0.8470301E+00
       0.7388052E+01       0.8932029E+00
       0.7482300E+01       0.9316015E+00
       0.7576548E+01       0.9616755E+00
       0.7670796E+01       0.9830517E+00
       0.7765044E+01       0.9958695E+00
       0.7859291E+01       0.9999725E+00
       0.7953539E+01       0.9948572E+00
       0.8047787E+01       0.9810686E+00
       0.8142035E+01       0.9587362E+00
       0.8236282E+01       0.9276754E+00
       0.8330530E+01       0.8883821E+00
       0.8424778E+01       0.8413569E+00
